fdens_coeffs:
  amplitude: 0.5587902377817424
  amplitude_uncertainty: 0.0007004001711955072
  shape: 0.9600842999311097
  shape_uncertainty: 0.02036443600546258
  width: 2.0202909151920707
  width_uncertainty: 0.03462730650896747
fmom_coeffs:
  amplitude: 0.8858680263435135
  amplitude_uncertainty: 0.0008756354473338171
  shape: 0.8282317215143644
  shape_uncertainty: 0.007382374906558314
  width: 3.8263232073073032
  width_uncertainty: 0.03630461878226738
fpow_coeffs:
  amplitude: 0.8532146638981473
  amplitude_uncertainty: 0.0019226729398848868
  shape: 0.9641547932488519
  shape_uncertainty: 0.013842521751700202
  width: 5.19588128571191
  width_uncertainty: 0.08480988411290982
